12 3
14 3
16 3 1,5
18 3 1,10
20 3 1,20
22 3 1,30
24 3 1,40
26 3 1,60
44 3 
46 3 4,5
48 3 4,20
50 3 4,30
52 3 4,40
54 3 4,50
65 11
66 11
67 11
68 11
69 11
70 11
105 3
107 3 4,26
109 3 4,31
111 3 4,36
113 3 4,46
115 3 4,61
123 11
124 11
125 11
126 11
127 11
128 11
236 3
238 3
240 3 1,5
242 3 1,10
244 3 1,20
246 3 1,30
248 3 1,40
250 3 1,60
268 3
270 3
272 0
274 3
276 3
278 3
280 0
282 5
284 3
286 3
288 4
290 5
292 3
294 6
296 4
298 3
300 3
302 0
304 3
306 3
308 3
310 0
312 5
314 3
316 3
318 4
320 5
322 3
324 6
326 4
328 3 1,5
330 3 1,5
332 0 3,5
334 3 1,5
336 3 1,5
338 3 1,5
340 0 3,5
342 5 3,5
344 3 1,5
346 3 1,5
348 4 3,5
350 5 3,5
352 3 1,5
354 6 3,5
356 4 3,5
358 3 1,20
360 3 1,20
362 0 3,20
364 3 1,20
366 3 1,20
368 3 1,20
370 0 3,20
372 5 3,20
374 3 1,20
376 3 1,20
378 4 3,20
380 5 3,20
382 3 1,20
384 6 3,20
386 4 3,20
388 3 1,30
390 3 1,30
392 0 3,30
394 3 1,30
396 3 1,30
398 3 1,30
400 0 3,30
402 5 3,30
404 3 1,30
406 3 1,30
408 4 3,30
410 5 3,30
412 3 1,30
414 6 3,30
416 4 3,30
418 3 1,40
420 3 1,40
422 0 3,40
424 3 1,40
426 3 1,40
428 3 1,40
430 0 3,40
432 5 3,40
434 3 1,40
436 3 1,40
438 4 3,40
440 5 3,40
442 3 1,40
444 6 3,40
446 4 3,40
454 7
456 8
458 0
460 7
462 4
464 6
466 4 3,10
468 0 4,20
470 4 3,10 4,20
472 6 4,20
490 7 4,40
492 6 4,40
494 4 4,40 3,40
496 7 4,50
498 6 4,50
500 4 4,50 3,40
502 7 4,60
504 6 4,60
506 4 4,60 3,40
508 7 4,70
510 6 4,70
512 4 4,70 3,40
559 3
561 3
563 3
565 3
567 3
569 3 6,60
571 3 6,50 16,55