12 4 0 0 0 0 0 5 0
14 5 0 0 0 0 0 7 0
16 8 0 0 0 0 0 9 0
18 10 0 0 0 0 0 12 0
20 12 0 0 0 0 0 13 0
22 17 0 0 0 0 0 19 0
24 26 0 0 0 0 0 29 0
26 38 0 0 0 0 0 42 0
44 0 0 8 0 0 0 0 0
46 0 0 14 0 0 0 0 0
48 0 0 20 0 0 0 0 0
50 0 0 29 0 0 0 0 0
52 0 0 47 0 0 0 0 0
54 0 0 69 0 0 0 0 0
65 0 0 0 0 0 0 0 0
66 0 0 0 0 0 0 0 0
67 0 0 0 0 0 0 0 0
68 0 0 0 0 0 0 0 0
69 0 0 0 0 0 0 0 0
70 0 0 0 0 0 0 0 0
105 0 0 18 0 0 0 0 0
107 0 0 42 0 0 0 0 0
109 0 0 54 0 0 0 0 0
111 0 0 66 0 0 0 0 0
113 0 0 78 0 0 0 0 0
115 0 0 90 0 0 0 0 0
123 0 0 0 0 0 0 0 0
124 0 0 0 0 0 0 0 0
125 0 0 0 0 0 0 0 0
126 0 0 0 0 0 0 0 0
127 0 0 0 0 0 0 0 0
128 0 0 0 0 0 0 0 0
236 4 0 0 0 0 0 5 0
238 5 0 0 0 0 0 7 0
240 8 0 0 0 0 0 9 0
242 10 0 0 0 0 0 11 0
244 12 0 0 0 0 0 13 0
246 17 0 0 0 0 0 19 0
248 26 0 0 0 0 0 29 0
250 38 0 0 0 0 0 42 0
268 4 1 0 0 0 1 3 0
270 6 0 0 0 0 0 5 0
272 0 -3 -1 4 -1 4 0 0
274 4 0 0 0 0 0 5 0
276 7 0 0 0 0 0 6 0
278 5 0 0 0 0 0 7 0
280 0 -6 -2 5 -1 4 0 0
282 0 -6 -2 6 0 5 0 0
284 10 -4 0 0 0 0 9 0
286 6 0 0 0 0 0 9 0
288 0 -15 0 13 0 9 0 0
290 0 -8 0 7 -1 6 0 0
292 9 -4 0 0 0 -1 10 0
294 0 -21 -7 8 -4 7 0 0
296 0 -30 -10 15 -6 14 0 0
298 5 1 0 0 1 0 4 0
300 9 0 0 0 0 0 7 1
302 0 -3 -1 5 -1 4 0 0
304 6 0 0 0 0 0 7 0
306 7 0 0 0 0 0 9 0
308 8 0 0 0 0 0 10 0
310 0 -6 -2 7 -1 6 0 0
312 0 -6 -2 9 0 8 0 0
314 11 -4 0 0 0 0 9 0
316 8 0 0 0 0 -1 13 0
318 0 -15 0 19 -3 12 0 0
320 0 -8 -2 10 -1 9 0 0
322 13 -4 0 0 0 -1 14 0
324 0 -21 -7 11 -4 10 0 0
326 0 -30 -10 21 -6 20 0 0
328 8 1 0 0 1 0 7 0
330 13 0 0 0 0 0 11 2
332 0 -3 -1 8 -1 7 0 0
334 11 0 0 0 0 0 12 0
336 15 0 0 0 0 0 14 0
338 14 0 0 0 0 0 16 0
340 0 -6 -2 10 -1 9 0 0
342 0 -6 -2 13 0 12 0 0
344 18 -4 0 0 0 0 16 0
346 16 0 0 0 0 -1 20 0
348 0 -15 0 30 -3 19 0 0
350 0 -8 -2 15 -1 14 0 0
352 21 -4 0 0 0 -1 22 0
354 0 -21 -7 17 -4 16 0 0
356 0 -30 -10 32 -6 31 0 0
358 11 0 1 0 1 0 10 0
360 18 0 0 0 0 0 16 3
362 0 -3 -1 11 -1 10 0 0
364 16 0 0 0 0 0 17 0
366 21 0 0 0 0 0 20 0
368 20 0 0 0 0 0 22 0
370 0 -6 -2 14 -1 13 0 0
372 0 -6 -2 19 0 17 0 0
374 25 -4 0 0 0 0 20 0
376 22 0 0 0 0 -1 29 0
378 0 -15 0 35 -3 27 0 0
380 0 -8 -2 22 -1 20 0 0
382 30 0 0 0 0 0 31 0
384 0 -21 -7 24 -4 22 0 0
386 0 -30 -10 46 -6 44 0 0
388 15 0 1 0 0 1 14 0
390 25 0 0 0 0 0 23 3
392 0 -3 -1 15 -1 14 0 0
394 23 0 0 0 0 0 24 0
396 29 0 0 0 0 0 28 0
398 29 0 0 0 0 0 31 0
400 0 -6 -2 21 -1 19 0 0
402 0 -6 -2 26 0 24 0 0
404 33 -4 0 0 0 0 31 0
406 31 0 0 0 0 -1 41 0
408 0 -15 0 61 -3 38 0 0
410 0 -8 -2 31 -1 29 0 0
412 43 -4 0 0 0 -1 44 0
414 0 -21 -7 33 -4 31 0 0
416 0 -30 -10 65 -6 63 0 0
418 25 1 0 0 0 0 24 0
420 39 0 0 0 0 0 36 4
422 0 -3 -1 23 -1 22 0 0
424 38 0 0 0 0 0 39 0
426 45 0 0 0 0 0 44 0
428 47 0 0 0 0 0 49 0
430 0 -6 -2 32 -1 30 0 0
432 0 -6 -2 40 0 38 0 0
434 53 -4 0 0 0 0 48 0
436 48 0 0 0 0 -1 64 0
438 0 -15 0 78 -3 65 0 0
440 0 -8 -2 48 -1 46 0 0
442 69 -4 0 0 0 -1 70 0
444 0 -21 -7 51 -4 49 0 0
446 0 -30 -10 82 -6 80 0 0
454 0 0 0 2 0 0 0 0
456 0 0 0 1 0 0 0 0
458 0 0 1 4 2 3 0 0
460 0 0 4 2 0 0 0 0
462 0 -2 2 10 4 9 0 0
464 0 0 4 2 0 0 0 0
466 0 -4 8 18 6 15 0 0
468 0 -1 2 8 4 4 0 0
470 0 -4 8 25 8 25 0 0
472 0 -5 6 17 6 16 0 0
490 0 -10 8 4 2 0 0 0
492 0 -10 8 24 8 22 0 0
494 0 -15 15 40 20 40 0 0
496 0 -10 9 5 4 0 0 0
498 0 -10 11 27 14 25 0 0
500 0 -15 20 50 30 45 0 0
502 0 -10 10 6 6 0 0 0
504 0 -10 14 30 20 28 0 0
506 0 -15 25 55 40 50 0 0
508 0 -10 11 6 8 0 0 0
510 0 -10 17 33 28 31 0 0
512 0 -15 30 60 50 55 0 0
557 0 0 0 0 0 0 0 0
558 0 0 0 0 0 0 0 0 
559 7 4 0 3 4 0 3 0
561 7 10 0 3 10 0 3 0
563 7 10 0 3 10 0 3 0
565 7 10 0 3 10 0 3 0
567 7 10 0 3 10 0 3 0
569 6 6 0 3 6 0 2 0
571 25 12 0 3 10 0 35 0
731 0 -3 -1 10 -1 9 0 0
733 0 -6 -2 32 -1 30 0 0
735 0 0 0 0 0 0 0 0
737 0 0 0 0 0 0 0 0
741 0 0 0 15 5 10 0 0
744 0 0 0 0 0 0 0 0
746 0 -6 -2 10 -1 9 0 0
748 0 1 0 0 0 0 0 1
750 0 0 0 1 0 1 0 0
754 0 0 0 5 0 0 0 0
756 47 0 0 1 0 0 50 0
759 0 0 0 0 0 0 0 0
763 0 0 0 9 2 8 0 0