Steve

Slayer
17 4 158 185

Skills
58 58 236867 
63 63 395160 
60 60 273780 
60 60 273912 
1 1 0 
48 48 86193 
1 1 0 
1 1 0 
1 1 0 
53 53 146070 
54 54 156810 
64 64 448260 
43 43 53022 
1 1 0 
1 1 0 
2 2 135 
56 56 199245 

Inventory
0 516 27200
1 205 1
2 183 1
3 183 1
4 183 1
5 183 1
6 336 1
19 765 1

Equipment
886 1
1000 1
815 1
984 1
988 1
986 1
970 1
783 1

Bank
65 57
539 115
540 42
13 1
520 1
449 17
541 366
542 125
578 7
604 6
606 3
584 10
598 30
546 93
602 13
586 1
596 22
543 707
219 80
612 4
66 21
544 6
547 2
545 91
610 3
600 6
17 1
267 1
738 1
247 1
231 7
160 7
156 73
614 1
742 1
590 9

