General_store 514,100 515,100 129,5 266,5 574,100 763,2 765,3
Pickaxe_shop 236, 238,1 240,1 242,1 244,1 246,1
Hatchet_shop 12,1 14,1 16,1 18,1 20,1 22,1
Fishing_shop 195,5 199,5 207,100 201,5 57,100 205,5 203,5 197,5
Rune_shop 539,1000 540,1000 541,1000 542,1000 543,1000 544,1000 545,1000 546,1000 547,1000 548,1000
Staff_shop 559,1 561,1 563,1 565,1 567,1
Archer_shop 458,1 460,1 462,1 464,1 65,1000 66,500 67,100 68,25 44,1 46,1 48,1 50,1
Fletching_shop 59,1000 60,1000 61,500 62,100 63,50 64,25 57,100
Plateleg_shop 294,1 324,1 354,1 384,1 414,1
Platebody_shop 296,1 326,1 356,1 386,1
Helmet_shop 272,1 280,1 302,1 310,1 332,1 340,1 362,1 370,1 392,1 400,1
Shield_shop 282,1 290,1 312,1 320,1 342,1 350,1 372,1 380,1
Sword_shop 274,1 304,1 334,1 364,1 394,1
Slayer_shop 735,5 737,5 739,100 740,100 741,5 743,100 744,5 746,5 748,5 750,5 752,5 754,5 756,5 758,100 759,5 761,5