12 0 5
14 0 5
16 0 5
18 0 5
20 0 5
22 0 5
24 0 5
26 0 5
44 1 3
46 1 3
48 1 3
50 1 3
52 1 3
54 1 3
105 0 6
107 0 6
109 0 6
111 0 6
113 0 6
115 0 6
236 0 5
238 0 5
240 0 5
242 0 5
244 0 5
246 0 5
248 0 5
250 0 5
268 0 4
270 0 5
274 0 4
276 0 4
278 0 5
284 0 6
286 0 6
292 1 7
298 0 4
300 0 5
304 0 4
306 0 4
308 0 5
314 0 6
316 0 6
322 1 7
328 0 4
330 0 5
334 0 4
336 0 4
338 0 5
344 0 6
346 0 6
352 1 7
358 0 4
360 0 5
364 0 4
366 0 4
368 0 5
374 0 6
376 0 6
382 1 7
388 0 4
390 0 5
394 0 4
396 0 4
398 0 5
404 0 6
406 0 6
412 1 7
418 0 4
420 0 5
424 0 4
426 0 4
428 0 5
434 0 6
436 0 6
442 1 7
559 0 5
561 0 5
563 0 5
565 0 5
567 0 5
569 0 5
571 0 3
756 1 4
797 0 4
801 1 7
809 0 4
811 0 5
815 0 4
817 0 5
823 0 6
825 0 6
829 1 7
835 0 3
836 0 3
837 0 3
838 0 3
839 0 3
840 0 3
841 0 3
918 0 4
920 0 4
922 0 5
924 1 7
926 0 4
928 1 6
952 0 4
994 1 4
1003 0 4
1022 1 6
1030 1 7
1038 1 5
1046 1 3
1054 1 5
1062 1 5
1065 0 4