12 3
14 3
16 3 1,5
18 3 1,10
20 3 1,20
22 3 1,30
24 3 1,40
26 3 1,60
44 3 
46 3 4,5
48 3 4,20
50 3 4,30
52 3 4,40
54 3 4,50
65 10
66 10
67 10
68 10
69 10
70 10
105 3
107 3 4,26
109 3 4,31
111 3 4,36
113 3 4,46
115 3 4,61
123 10
124 10
125 10
126 10
127 10
128 10
236 3
238 3
240 3 1,5
242 3 1,10
244 3 1,20
246 3 1,30
248 3 1,40
250 3 1,60
268 3
270 3
272 0
274 3
276 3
278 3
280 0
282 5
284 3
286 3
288 4
290 5
292 3
294 6
296 4
298 3
300 3
302 0
304 3
306 3
308 3
310 0
312 5
314 3
316 3
318 4
320 5
322 3
324 6
326 4
328 3 1,5
330 3 1,5
332 0 3,5
334 3 1,5
336 3 1,5
338 3 1,5
340 0 3,5
342 5 3,5
344 3 1,5
346 3 1,5
348 4 3,5
350 5 3,5
352 3 1,5
354 6 3,5
356 4 3,5
358 3 1,20
360 3 1,20
362 0 3,20
364 3 1,20
366 3 1,20
368 3 1,20
370 0 3,20
372 5 3,20
374 3 1,20
376 3 1,20
378 4 3,20
380 5 3,20
382 3 1,20
384 6 3,20
386 4 3,20
388 3 1,30
390 3 1,30
392 0 3,30
394 3 1,30
396 3 1,30
398 3 1,30
400 0 3,30
402 5 3,30
404 3 1,30
406 3 1,30
408 4 3,30
410 5 3,30
412 3 1,30
414 6 3,30
416 4 3,30
418 3 1,40
420 3 1,40
422 0 3,40
424 3 1,40
426 3 1,40
428 3 1,40
430 0 3,40
432 5 3,40
434 3 1,40
436 3 1,40
438 4 3,40
440 5 3,40
442 3 1,40
444 6 3,40
446 4 3,40
454 7
456 8
458 0
460 7
462 4
464 6
466 4 3,10
468 0 4,20
470 4 3,10 4,20
472 6 4,20
490 7 4,40
492 6 4,40
494 4 4,40 3,40
496 7 4,50
498 6 4,50
500 4 4,50 3,40
502 7 4,60
504 6 4,60
506 4 4,60 3,40
508 7 4,70
510 6 4,70
512 4 4,70 3,40
557 10
558 10
559 3
561 3
563 3
565 3
567 3
569 3 6,60
571 3 6,50 16,55
731 0 3,10 2,20
733 0
735 0 16,10
737 0 16,15
741 5 3,20 16,25
744 5 16,33
746 0 3,5 16,35
748 2 16,35
750 8 16,37
754 7 16,42
756 3 16,55 1,50
759 0 16,60
763 5
767 0 3,20 6,40
769 4 3,20 6,40
771 6 3,20 6,40
773 7 3,20 6,40
775 8 3,20 6,40
777 9 4,30
779 9 4,50
781 8
783 8
785 8 3,5
787 8 3,10
789 8 3,20
791 8 3,30
793 8 3,40
795 8 3,60
797 3 1,70
799 5 3,75
801 3 1,50 2,50
803 0 2,50 3,50
805 4 2,50 3,50
807 6 2,50 3,50
809 3 1,60
811 3 1,60
813 0 3,60
815 3 1,60
817 3 1,60
819 0 3,60
821 5 3,60
823 3 1,60
825 3 1,60
827 4 3,60
829 3 1,60
831 6 3,60
833 5 2,50 3,50
835 3 
836 3 
837 3 4,5
838 3 4,10
839 3 4,20
840 3 4,30
841 3 4,40
856 2
858 2
860 2
862 2
864 2
866 2
868 2
870 9
872 9
874 9
876 9
878 0 3,45
880 0 3,45
882 0 3,45
884 0 3,45
886 0 3,55
888 0 3,40
890 4 3,40
892 6 3,40
894 7 3,40
896 8 3,40
898 0 3,40 4,40
900 4 3,40 4,40
902 6 3,40 4,40
904 7 3,40 4,40
906 8 3,40 4,40
908 0 3,40 6,40
910 4 3,40 6,40
912 6 3,40 6,40
914 7 3,40 6,40
916 8 3,40 6,40
918 3 1,60
920 3 1,60
922 3 1,60
924 3 2,60
926 3 4,60
928 3 1,60 6,60
930 5 3,60
932 1
934 4
936 6
938 0
940 1 6,60
942 0 3,25 6,60
944 4 3,25 6,60
946 6 3,25 6,60
948 7 3,25 6,60
950 8 3,25 6,60
952 3 6,60
954 5 6,60
956 7
958 7
960 7
962 7 3,5 
964 7 3,10
966 7 3,20
968 7 3,30
970 7 3,40
972 7 3,60
974 7 3,70
976 0 3,20 5,10
978 4 3,20 5,10
980 6 3,20 5,10
982 0 3,30 5,20
984 4 3,30 5,20
986 6 3,30 5,20
988 5
990 5
992 5
994 3 4,60
996 4
998 6
1000 2
1003 3
1004 0 0,42 1,42 2,42 3,42 4,42 5,22 6,42
1006 0 0,42 1,42 2,42 3,42 4,42 5,22 6,42
1008 0 0,42 1,42 2,42 3,42 4,42 5,22 6,42
1010 4 0,42 1,42 2,42 3,42 4,42 5,22 6,42
1012 6 0,42 1,42 2,42 3,42 4,42 5,22 6,42
1014 7 0,42 1,42 2,42 3,42 4,42 5,22 6,42
1016 0 3,70 6,70
1018 4 3,70 6,70
1020 6 3,70 6,70
1022 3 1,70 6,70
1024 0 3,70
1026 4 3,70
1028 6 3,70
1030 3 1,70 2,70
1032 0 3,70
1034 4 3,70
1036 6 3,70
1038 3 1,70
1040 0 3,70
1042 4 3,70
1044 6 3,70
1046 3 1,70
1048 0 3,70 4,70
1050 4 3,70 4,70
1052 6 3,70 4,70
1054 3 4,70
1056 0 3,70
1058 4 3,70
1060 6 3,70
1062 3 1,70
1064 10
1065 3 1,50 16,55