9 7 4 0 3 4 0 3 0
11 7 10 0 3 10 0 3 0
13 7 10 0 3 10 0 3 0
15 7 10 0 3 10 0 3 0
17 7 10 0 3 10 0 3 0
19 6 6 0 3 6 0 2 0
21 25 12 0 3 10 0 35 0
34 0 2 0 0 2 0 0 0
36 0 3 0 0 3 0 0 0
38 0 1 0 0 1 0 0 0
40 0 4 0 0 4 0 0 0
42 0 20 0 0 20 0 0 0
44 0 15 0 0 15 0 0 0
46 0 3 0 0 3 0 0 0
48 0 3 0 0 3 0 0 0
50 0 10 0 2 10 0 0 0
52 0 0 0 0 0 0 0 0
53 0 0 0 0 0 0 0 0
54 0 0 0 0 0 0 0 0
55 0 0 0 0 0 0 0 0
56 0 0 0 0 0 0 0 0
57 0 0 0 0 0 0 0 0
58 0 0 0 0 0 0 0 0
59 0 0 0 0 0 0 0 0
60 0 0 0 0 0 0 0 0
61 0 0 0 0 0 0 0 0
62 0 0 0 0 0 0 0 0
63 0 0 0 0 0 0 0 0
64 0 0 0 0 0 0 0 0
65 0 0 0 0 0 0 0 0
66 0 0 8 0 0 0 0 0
68 0 0 14 0 0 0 0 0
70 0 0 20 0 0 0 0 0
72 0 0 29 0 0 0 0 0
74 0 0 47 0 0 0 0 0
76 0 0 69 0 0 0 0 0