619 573 0 1 3,.10
621 619 0 1 3,.10
623 621 0 1 3,.10
625 623 0 1 3,.10
627 573 0 2 3,.10
629 627 0 2 3,.10
631 629 0 2 3,.10
633 631 0 2 3,.10
635 573 0 3 3,.10
637 635 0 3 3,.10
639 637 0 3 3,.10
641 639 0 3 3,.10
643 573 0 1 3,.10 2 3,.10 3 3,.10
645 643 0 1 3,.10 2 3,.10 3 3,.10
647 645 0 1 3,.10 2 3,.10 3 3,.10
649 647 0 1 3,.10 2 3,.10 3 3,.10
651 573 1 5 7,.25
653 651 1 5 7,.25
655 653 1 5 7,.25
657 655 1 5 7,.25
659 573 0 1 5,.15
661 659 0 1 5,.15
663 661 0 1 5,.15
665 663 0 1 5,.15
659 573 0 1 5,.15
661 659 0 1 5,.15
663 661 0 1 5,.15
665 663 0 1 5,.15
667 573 0 2 5,.15
669 667 0 2 5,.15
671 669 0 2 5,.15
673 671 0 2 5,.15
675 573 1 1 8,.25 2 8,.25 3 8,.25 4 8,.25 5 8,.25 6 8,.25
677 675 1 1 8,.25 2 8,.25 3 8,.25 4 8,.25 5 8,.25 6 8,.25
679 677 1 1 8,.25 2 8,.25 3 8,.25 4 8,.25 5 8,.25 6 8,.25
681 679 1 1 8,.25 2 8,.25 3 8,.25 4 8,.25 5 8,.25 6 8,.25
683 573 0 3 5,.15
685 681 0 3 5,.15
687 683 0 3 5,.15
689 685 0 3 5,.15
691 573 0 4 4,.10
693 691 0 4 4,.10
695 693 0 4 4,.10
697 695 0 4 4,.10
699 573 0 6 4,.10
701 699 0 6 4,.10
703 701 0 6 4,.10
705 703 0 6 4,.10
707 573 0 1 2,.20 2 2,.12 3 -2,-.10 0 -2,-.10
709 707 0 1 2,.20 2 2,.12 3 -2,-.10 0 -2,-.10
711 709 0 1 2,.20 2 2,.12 3 -2,-.10 0 -2,-.10
713 711 0 1 2,.20 2 2,.12 3 -2,-.10 0 -2,-.10
715 573 0 0 2,.15 3 2,.20 1 -2,-.10 2 -2,-.10 4 -2,-.10 6 -2,-.10
717 715 0 0 2,.15 3 2,.20 1 -2,-.10 2 -2,-.10 4 -2,-.10 6 -2,-.10
719 717 0 0 2,.15 3 2,.20 1 -2,-.10 2 -2,-.10 4 -2,-.10 6 -2,-.10
721 719 0 0 2,.15 3 2,.20 1 -2,-.10 2 -2,-.10 4 -2,-.10 6 -2,-.10
723 573 0 1 5,.15 2 5,.15 3 5,.15
725 723 0 1 5,.15 2 5,.15 3 5,.15
727 725 0 1 5,.15 2 5,.15 3 5,.15
729 727 0 1 5,.15 2 5,.15 3 5,.15