Reginald

Slayer
22 0 16 2

Skills
18 22 6245 
3 3 180 
1 1 0 
5 5 432 
23 23 6876 
18 18 3742 
29 29 12876 
18 18 3550 
18 18 3939 
36 36 27040 
41 41 43800 
27 27 10486 
5 5 420 
1 1 0 
16 16 2820 
28 28 11287 
14 14 2202 

Inventory
0 516 32
1 65 29
2 208 1
3 208 1
4 57 153
5 835 100
6 208 1
7 208 1
8 208 1
9 208 1
10 208 1
11 208 1
12 208 1
13 208 1
14 208 1
15 208 1
16 210 1
17 448 1
18 210 1
19 765 1

Equipment
458 1
48 1
462 1
464 1
460 1
65 424

Bank
164 76
196 1
520 1
267 1
522 1
528 1
543 2
237 1
540 119
562 1
202 1

