Axe_shop 12,1 14,1 16,1 18,1 20,1 22,1
Scimitar_shop 276,1 306, 336,1 366,1
Plateleg_shop 294,1 324,1 354,1 384,1 414,1
Crafting_shop 514,1 515,100 129,1
Sword_shop 274,1 304,1 334,1 364,1 394,1
Clothes_shop 454,1 456,1
Platebody_shop 296,1 326,1 356,1 386,1
Rune_shop 539,100 540,100 541,100 542,100 543,100 545,100
Archer_shop 458,1 460,1 462,1 464,1 65,100 66,100 67,100 44,1 45,1 46,1 48,1
Mace_shop 270,1 300,1 330,1 360,1
Shield_shop 282,1 290,1 312,1 320,1 342,1 350,1 372, 380,1
Chainbody_shop 288,1 318,1 348,1 378,1
Battleaxe_shop 286,1 316,1 346,1 376,1
Fishing_shop 195,1 197,1 199,1 201,1 203,1 205,1 207,100 57,100
Food_shop 163, 10 165,10 167,10 171,10
Pickaxe_shop 236,1 238,1 240,1 242,1 244,1 246,1
Helmet_shop 272,1 280,1 302,1 310,1 332,1 340,1 362,1 370,1 392,1 400,1
Archer_shop 59,100 60,100 61,100 62,100 63,100 64,100 57,100
Rune_shop 539,1000 540,1000 541,1000 542,1000 543,1000 544,1000 545,1000 546,1000 547,1000 548,1000
Staff_shop 559,1 561,1 563,1 565,1 567,1
Robe_shop